d1: 0.12
t1: 0.032793103448275865
w: 0.1833793103448276
e: 0.0913793103448276
Mass: 12.750495403993236 (kg)
Force: 734.8532547456812 (N)
Shear bear force: 2575.1966310422667 (N)
