d1: 0.16207664090244422
t1: 0.00011814698282617819
w: 0.183
e: 0.08970406463943913
t2: 0.004315395194770623
d2: 0.02
Mass: 0.4385718527472591 (kg)
Force: 732.0008723029024 (N)
Shear bear force: 864.9987436431229 (N)
Material: AL6061