d1: 0.14309285542018002
t1: 0.022270899952797876
w: 0.18305772336468085
e: 0.09039914327576674
t2: 0.0049917447763029475
d2: 0.0203
Mass: 4.49912662783242 (kg)
Force: 732.0000567680971 (N)
Shear bear force: 258.0001398504934 (N)
Material: AL6061