d1: 0.1483822553572932
t1: 0.02142585062116119
w: 0.1912384197829301
e: 0.09292445852923892
t2: 0.0036426752837563667
d2: 0.0212
Mass: 4.369443639716203 (kg)
Force: 732.0005195319692 (N)
Shear bear force: 258.00084425555247 (N)
Material: AL6061